,510463712,510463552,510465296,510275913,510287677,510469950,510470372,510474540,510474,
,5943555,1500114359,50060641,50052778,1500114716,510275945,510277564,510276449,
,510292389,510088049,510284547,5564526,5564610,5565077,88995974,510092484,
,510094343,510097027,24065436,510281850,510600044,

,510600654,510605727,510297453,510609817,510609603,510609963,,5292057,
,510610282,510610274,510612146,5292134,510484771,510613679,510611592,
,510283651,510609363,510616239,5155759,510477122,5155761,510615938,510617050,
,510616444,510618907,510617148,


Robotics Inc PAMM 1 ,5284667,
Robotics Inc PAMM 2 ,5290705,
Private PAMM        ,5285797,
FTMO test           ,1520263842,

,891394268,
//TRADE ALLOWED? 0p3n or cl0sd
,CLOSE,
//d34d man switch al1v3 or d34d
,ALIVE,
